A = [4,6,1;
    5,6,1;
    3,6,1;
    7,3,1;
    6,3,1;
    8,3,1;
    1,3,1;
    2,3,1;
    3,5,1];
B = [228.9,11.1;
    229,-8.3;
    225.7,32.6;
    173.7,-54;
    172.0,-33.9;
    172.3,-74.8;
    164,71.3;
    164.9,50.5;
    202.7,32.7];
X = A\B