X = [1.5275  -20.9127;
     19.7374    1.1307;
    102.6229   88.8699];
A = [2,1,1];
B = A * X